loop parameters
---------------------------------------------
row_num : 10
distribute_R : True
lambda (exponent) : 2
distribute_C : False
e : 1
C : 1
Cg : 10
R : 10
Rg : 1000
loops : 400
Var(R_t_ij) : 3.8177302384471807
Var(R_t_i) : 2.789241669703672
Rg : [1000 1000 1000 1000 1000 1000 1000 1000 1000 1000 1000 1000 1000 1000
 1000 1000 1000 1000 1000 1000 1000 1000 1000 1000 1000 1000 1000 1000
 1000 1000 1000 1000 1000 1000 1000 1000 1000 1000 1000 1000 1000 1000
 1000 1000 1000 1000 1000 1000 1000 1000 1000 1000 1000 1000 1000 1000
 1000 1000 1000 1000 1000 1000 1000 1000 1000 1000 1000 1000 1000 1000
 1000 1000 1000 1000 1000 1000 1000 1000 1000 1000 1000 1000 1000 1000
 1000 1000 1000 1000 1000 1000 1000 1000 1000 1000 1000 1000 1000 1000
 1000 1000]
Cg : [10 10 10 10 10 10 10 10 10 10 10 10 10 10 10 10 10 10 10 10 10 10 10 10
 10 10 10 10 10 10 10 10 10 10 10 10 10 10 10 10 10 10 10 10 10 10 10 10
 10 10 10 10 10 10 10 10 10 10 10 10 10 10 10 10 10 10 10 10 10 10 10 10
 10 10 10 10 10 10 10 10 10 10 10 10 10 10 10 10 10 10 10 10 10 10 10 10
 10 10 10 10]
default_dt : 504.01814997712285
T0 : 0.001
T_std : 5e-05
T : [0.005      0.00555556 0.00611111 0.00666667 0.00722222 0.00777778
 0.00833333 0.00888889 0.00944444 0.01      ]
-------------------------------------
steady_state_rep : 100
expected_error : 0.28460498941515416
error_count : 0
resolution : 1e-06
